6.1 26 16
7.3 98 143
8.6 762 314
8.7 11 15
7.8 15 21
8.7 402 294
7.3 26 7
9 728 537
7.5 132 50
8.4 181 92
8.5 24 9
7.9 166 97
6.7 6 6
8.3 231 179
5.2 3 1
8.2 58 30
7.2 474 373
8.3 32 36
8.2 203 138
7.5 187 222
7.8 52 45
8.5 21 14
8.6 268 120
8.5 220 138
6.9 72 166
8.4 357 250
7.7 33 8
7.1 21 6
8.7 184 89
8.7 226 98
8.2 114 63
8.4 10 2
9.1 215 102
8.5 70 85
7.9 154 135
7.4 16 9
5.3 6 17
7.7 20 14
8.1 61 39
7.7 8 9
8.8 119 115
8.6 395 220
8 43 20
8.3 435 195
8.4 134 142
7.7 198 147
8.3 198 164
8.9 414 300
7.8 29 15
8.7 64 26
8.3 59 19
8.4 480 262
9 558 309
9.2 523 144
8.3 46 35
7.9 47 48
8.5 184 126
8.2 68 27
8.8 139 79
8 69 131
8.5 494 313
7.4 42 22
8.8 29 33
7.5 5 21
8.2 135 25
6.3 12 5
7.1 20 14
9.2 159 117
8.4 554 457
7.8 467 392
8.5 78 50
8.2 9 23
8 8 6
8.1 461 178
7.3 6 11
6.1 37 28
8.1 16 11
8.3 456 342
7.4 50 25
7.5 179 208
6 74 94
8.8 63 128
7 142 66
8.1 4 5
7.2 40 21
8.6 100 63
7.5 37 27
9 228 126
9.3 658 421
7.6 15 4
7.7 71 48
7.1 41 23
8.2 243 107
8.7 213 207
7.4 65 104
8.7 312 201
7.2 25 14
5 13 22
8.5 271 371
8.9 139 133
